{
  "section": "10k_item1a",
  "years": [
    2019,
    2020,
    2021,
    2022,
    2023,
    2024
  ],
  "cosineSimilarity": [
    [
      1.0,
      0.98,
      0.93,
      0.91,
      0.9,
      0.84
    ],
    [
      0.98,
      1.0,
      0.94,
      0.92,
      0.91,
      0.86
    ],
    [
      0.93,
      0.94,
      1.0,
      0.99,
      0.98,
      0.93
    ],
    [
      0.91,
      0.92,
      0.99,
      1.0,
      0.99,
      0.94
    ],
    [
      0.9,
      0.91,
      0.98,
      0.99,
      1.0,
      0.96
    ],
    [
      0.84,
      0.86,
      0.93,
      0.94,
      0.96,
      1.0
    ]
  ]
}