{
  "section": "10k_item1a",
  "years": [
    2015,
    2016,
    2017,
    2018,
    2019,
    2020,
    2021,
    2022,
    2023,
    2024
  ],
  "cosineSimilarity": [
    [
      1.0,
      0.99,
      0.49,
      0.51,
      0.56,
      0.59,
      0.6,
      0.62,
      0.62,
      0.6
    ],
    [
      0.99,
      1.0,
      0.49,
      0.52,
      0.56,
      0.6,
      0.61,
      0.62,
      0.62,
      0.61
    ],
    [
      0.49,
      0.49,
      1.0,
      0.99,
      0.96,
      0.93,
      0.92,
      0.93,
      0.91,
      0.9
    ],
    [
      0.51,
      0.52,
      0.99,
      1.0,
      0.97,
      0.94,
      0.93,
      0.94,
      0.93,
      0.91
    ],
    [
      0.56,
      0.56,
      0.96,
      0.97,
      1.0,
      0.97,
      0.96,
      0.96,
      0.95,
      0.94
    ],
    [
      0.59,
      0.6,
      0.93,
      0.94,
      0.97,
      1.0,
      0.99,
      0.97,
      0.96,
      0.95
    ],
    [
      0.6,
      0.61,
      0.92,
      0.93,
      0.96,
      0.99,
      1.0,
      0.97,
      0.96,
      0.95
    ],
    [
      0.62,
      0.62,
      0.93,
      0.94,
      0.96,
      0.97,
      0.97,
      1.0,
      0.99,
      0.97
    ],
    [
      0.62,
      0.62,
      0.91,
      0.93,
      0.95,
      0.96,
      0.96,
      0.99,
      1.0,
      0.98
    ],
    [
      0.6,
      0.61,
      0.9,
      0.91,
      0.94,
      0.95,
      0.95,
      0.97,
      0.98,
      1.0
    ]
  ]
}