{
  "section": "10k_item1a",
  "years": [
    2015,
    2016,
    2017,
    2018,
    2019,
    2020,
    2021,
    2022,
    2023,
    2024
  ],
  "cosineSimilarity": [
    [
      1.0,
      0.98,
      0.98,
      0.92,
      0.63,
      0.62,
      0.76,
      0.42,
      0.44,
      0.37
    ],
    [
      0.98,
      1.0,
      0.99,
      0.93,
      0.65,
      0.63,
      0.77,
      0.43,
      0.45,
      0.38
    ],
    [
      0.98,
      0.99,
      1.0,
      0.94,
      0.65,
      0.64,
      0.78,
      0.44,
      0.45,
      0.39
    ],
    [
      0.92,
      0.93,
      0.94,
      1.0,
      0.69,
      0.67,
      0.83,
      0.44,
      0.47,
      0.4
    ],
    [
      0.63,
      0.65,
      0.65,
      0.69,
      1.0,
      0.91,
      0.6,
      0.57,
      0.58,
      0.52
    ],
    [
      0.62,
      0.63,
      0.64,
      0.67,
      0.91,
      1.0,
      0.67,
      0.59,
      0.59,
      0.54
    ],
    [
      0.76,
      0.77,
      0.78,
      0.83,
      0.6,
      0.67,
      1.0,
      0.44,
      0.46,
      0.4
    ],
    [
      0.42,
      0.43,
      0.44,
      0.44,
      0.57,
      0.59,
      0.44,
      1.0,
      0.94,
      0.84
    ],
    [
      0.44,
      0.45,
      0.45,
      0.47,
      0.58,
      0.59,
      0.46,
      0.94,
      1.0,
      0.86
    ],
    [
      0.37,
      0.38,
      0.39,
      0.4,
      0.52,
      0.54,
      0.4,
      0.84,
      0.86,
      1.0
    ]
  ]
}