{
  "section": "10k_item1a",
  "years": [
    2015,
    2016,
    2017,
    2018,
    2019,
    2020,
    2021,
    2022,
    2023,
    2024
  ],
  "cosineSimilarity": [
    [
      1.0,
      0.85,
      0.84,
      0.84,
      0.84,
      0.83,
      0.8,
      0.78,
      0.66,
      0.66
    ],
    [
      0.85,
      1.0,
      0.98,
      0.97,
      0.97,
      0.94,
      0.9,
      0.86,
      0.71,
      0.69
    ],
    [
      0.84,
      0.98,
      1.0,
      0.99,
      0.99,
      0.95,
      0.9,
      0.85,
      0.7,
      0.68
    ],
    [
      0.84,
      0.97,
      0.99,
      1.0,
      1.0,
      0.95,
      0.9,
      0.85,
      0.7,
      0.68
    ],
    [
      0.84,
      0.97,
      0.99,
      1.0,
      1.0,
      0.95,
      0.9,
      0.85,
      0.7,
      0.68
    ],
    [
      0.83,
      0.94,
      0.95,
      0.95,
      0.95,
      1.0,
      0.95,
      0.89,
      0.74,
      0.72
    ],
    [
      0.8,
      0.9,
      0.9,
      0.9,
      0.9,
      0.95,
      1.0,
      0.93,
      0.79,
      0.77
    ],
    [
      0.78,
      0.86,
      0.85,
      0.85,
      0.85,
      0.89,
      0.93,
      1.0,
      0.83,
      0.82
    ],
    [
      0.66,
      0.71,
      0.7,
      0.7,
      0.7,
      0.74,
      0.79,
      0.83,
      1.0,
      0.92
    ],
    [
      0.66,
      0.69,
      0.68,
      0.68,
      0.68,
      0.72,
      0.77,
      0.82,
      0.92,
      1.0
    ]
  ]
}