{
  "section": "10k_item1a",
  "years": [
    2020,
    2021,
    2022,
    2023,
    2024,
    2025
  ],
  "cosineSimilarity": [
    [
      1.0,
      0.94,
      0.88,
      0.88,
      0.86,
      0.85
    ],
    [
      0.94,
      1.0,
      0.93,
      0.92,
      0.88,
      0.87
    ],
    [
      0.88,
      0.93,
      1.0,
      0.96,
      0.93,
      0.92
    ],
    [
      0.88,
      0.92,
      0.96,
      1.0,
      0.97,
      0.96
    ],
    [
      0.86,
      0.88,
      0.93,
      0.97,
      1.0,
      0.99
    ],
    [
      0.85,
      0.87,
      0.92,
      0.96,
      0.99,
      1.0
    ]
  ]
}