{
  "section": "10k_item1a",
  "years": [
    2016,
    2017,
    2018,
    2019,
    2020,
    2021,
    2022,
    2023,
    2024,
    2025
  ],
  "cosineSimilarity": [
    [
      1.0,
      0.96,
      0.94,
      0.94,
      0.89,
      0.9,
      0.91,
      0.91,
      0.9,
      0.89
    ],
    [
      0.96,
      1.0,
      0.98,
      0.97,
      0.93,
      0.93,
      0.94,
      0.94,
      0.93,
      0.93
    ],
    [
      0.94,
      0.98,
      1.0,
      0.99,
      0.93,
      0.94,
      0.95,
      0.95,
      0.94,
      0.93
    ],
    [
      0.94,
      0.97,
      0.99,
      1.0,
      0.94,
      0.95,
      0.96,
      0.96,
      0.95,
      0.94
    ],
    [
      0.89,
      0.93,
      0.93,
      0.94,
      1.0,
      0.99,
      0.98,
      0.97,
      0.96,
      0.96
    ],
    [
      0.9,
      0.93,
      0.94,
      0.95,
      0.99,
      1.0,
      0.99,
      0.98,
      0.97,
      0.96
    ],
    [
      0.91,
      0.94,
      0.95,
      0.96,
      0.98,
      0.99,
      1.0,
      0.99,
      0.98,
      0.98
    ],
    [
      0.91,
      0.94,
      0.95,
      0.96,
      0.97,
      0.98,
      0.99,
      1.0,
      0.99,
      0.98
    ],
    [
      0.9,
      0.93,
      0.94,
      0.95,
      0.96,
      0.97,
      0.98,
      0.99,
      1.0,
      0.99
    ],
    [
      0.89,
      0.93,
      0.93,
      0.94,
      0.96,
      0.96,
      0.98,
      0.98,
      0.99,
      1.0
    ]
  ]
}