{
  "section": "10k_item1a",
  "years": [
    2015,
    2016,
    2017,
    2018,
    2019,
    2020,
    2021,
    2022,
    2023,
    2024
  ],
  "cosineSimilarity": [
    [
      1.0,
      0.95,
      0.94,
      0.77,
      0.73,
      0.71,
      0.67,
      0.61,
      0.6,
      0.58
    ],
    [
      0.95,
      1.0,
      0.99,
      0.81,
      0.72,
      0.7,
      0.66,
      0.6,
      0.59,
      0.57
    ],
    [
      0.94,
      0.99,
      1.0,
      0.8,
      0.73,
      0.7,
      0.66,
      0.6,
      0.6,
      0.57
    ],
    [
      0.77,
      0.81,
      0.8,
      1.0,
      0.9,
      0.87,
      0.82,
      0.74,
      0.7,
      0.67
    ],
    [
      0.73,
      0.72,
      0.73,
      0.9,
      1.0,
      0.96,
      0.91,
      0.78,
      0.73,
      0.7
    ],
    [
      0.71,
      0.7,
      0.7,
      0.87,
      0.96,
      1.0,
      0.94,
      0.8,
      0.74,
      0.7
    ],
    [
      0.67,
      0.66,
      0.66,
      0.82,
      0.91,
      0.94,
      1.0,
      0.82,
      0.76,
      0.72
    ],
    [
      0.61,
      0.6,
      0.6,
      0.74,
      0.78,
      0.8,
      0.82,
      1.0,
      0.95,
      0.9
    ],
    [
      0.6,
      0.59,
      0.6,
      0.7,
      0.73,
      0.74,
      0.76,
      0.95,
      1.0,
      0.96
    ],
    [
      0.58,
      0.57,
      0.57,
      0.67,
      0.7,
      0.7,
      0.72,
      0.9,
      0.96,
      1.0
    ]
  ]
}