{
  "section": "10k_item1a",
  "years": [
    2017,
    2018,
    2019,
    2020,
    2021,
    2022,
    2023,
    2024
  ],
  "cosineSimilarity": [
    [
      1.0,
      0.98,
      0.95,
      0.87,
      0.84,
      0.81,
      0.8,
      0.78
    ],
    [
      0.98,
      1.0,
      0.96,
      0.87,
      0.84,
      0.82,
      0.81,
      0.79
    ],
    [
      0.95,
      0.96,
      1.0,
      0.9,
      0.87,
      0.85,
      0.84,
      0.82
    ],
    [
      0.87,
      0.87,
      0.9,
      1.0,
      0.94,
      0.92,
      0.9,
      0.86
    ],
    [
      0.84,
      0.84,
      0.87,
      0.94,
      1.0,
      0.98,
      0.96,
      0.93
    ],
    [
      0.81,
      0.82,
      0.85,
      0.92,
      0.98,
      1.0,
      0.98,
      0.95
    ],
    [
      0.8,
      0.81,
      0.84,
      0.9,
      0.96,
      0.98,
      1.0,
      0.96
    ],
    [
      0.78,
      0.79,
      0.82,
      0.86,
      0.93,
      0.95,
      0.96,
      1.0
    ]
  ]
}