{
  "section": "10k_item1a",
  "years": [
    2016,
    2017,
    2018,
    2019,
    2020,
    2021,
    2022,
    2023,
    2024,
    2025
  ],
  "cosineSimilarity": [
    [
      1.0,
      0.97,
      0.94,
      0.87,
      0.87,
      0.88,
      0.88,
      0.9,
      0.89,
      0.85
    ],
    [
      0.97,
      1.0,
      0.98,
      0.89,
      0.89,
      0.89,
      0.89,
      0.92,
      0.91,
      0.87
    ],
    [
      0.94,
      0.98,
      1.0,
      0.92,
      0.91,
      0.92,
      0.91,
      0.92,
      0.91,
      0.87
    ],
    [
      0.87,
      0.89,
      0.92,
      1.0,
      0.97,
      0.96,
      0.95,
      0.86,
      0.85,
      0.81
    ],
    [
      0.87,
      0.89,
      0.91,
      0.97,
      1.0,
      0.96,
      0.96,
      0.87,
      0.86,
      0.82
    ],
    [
      0.88,
      0.89,
      0.92,
      0.96,
      0.96,
      1.0,
      0.99,
      0.89,
      0.88,
      0.84
    ],
    [
      0.88,
      0.89,
      0.91,
      0.95,
      0.96,
      0.99,
      1.0,
      0.91,
      0.89,
      0.85
    ],
    [
      0.9,
      0.92,
      0.92,
      0.86,
      0.87,
      0.89,
      0.91,
      1.0,
      0.98,
      0.93
    ],
    [
      0.89,
      0.91,
      0.91,
      0.85,
      0.86,
      0.88,
      0.89,
      0.98,
      1.0,
      0.95
    ],
    [
      0.85,
      0.87,
      0.87,
      0.81,
      0.82,
      0.84,
      0.85,
      0.93,
      0.95,
      1.0
    ]
  ]
}