{
  "section": "10k_item1a",
  "years": [
    2017,
    2018,
    2019,
    2020,
    2021,
    2022,
    2023,
    2024
  ],
  "cosineSimilarity": [
    [
      1.0,
      1.0,
      0.99,
      0.89,
      0.9,
      0.88,
      0.85,
      0.82
    ],
    [
      1.0,
      1.0,
      0.99,
      0.89,
      0.9,
      0.88,
      0.85,
      0.83
    ],
    [
      0.99,
      0.99,
      1.0,
      0.9,
      0.92,
      0.9,
      0.87,
      0.84
    ],
    [
      0.89,
      0.89,
      0.9,
      1.0,
      0.92,
      0.89,
      0.83,
      0.81
    ],
    [
      0.9,
      0.9,
      0.92,
      0.92,
      1.0,
      0.98,
      0.92,
      0.89
    ],
    [
      0.88,
      0.88,
      0.9,
      0.89,
      0.98,
      1.0,
      0.94,
      0.91
    ],
    [
      0.85,
      0.85,
      0.87,
      0.83,
      0.92,
      0.94,
      1.0,
      0.97
    ],
    [
      0.82,
      0.83,
      0.84,
      0.81,
      0.89,
      0.91,
      0.97,
      1.0
    ]
  ]
}