{
  "section": "10k_item1a",
  "years": [
    2017,
    2018,
    2019,
    2021,
    2022,
    2023,
    2024
  ],
  "cosineSimilarity": [
    [
      1.0,
      0.98,
      0.91,
      0.89,
      0.87,
      0.91,
      0.87
    ],
    [
      0.98,
      1.0,
      0.91,
      0.89,
      0.87,
      0.93,
      0.87
    ],
    [
      0.91,
      0.91,
      1.0,
      0.96,
      0.93,
      0.89,
      0.93
    ],
    [
      0.89,
      0.89,
      0.96,
      1.0,
      0.97,
      0.9,
      0.95
    ],
    [
      0.87,
      0.87,
      0.93,
      0.97,
      1.0,
      0.91,
      0.94
    ],
    [
      0.91,
      0.93,
      0.89,
      0.9,
      0.91,
      1.0,
      0.93
    ],
    [
      0.87,
      0.87,
      0.93,
      0.95,
      0.94,
      0.93,
      1.0
    ]
  ]
}