{
  "section": "10k_item1a",
  "years": [
    2015,
    2016,
    2017,
    2018,
    2019,
    2020,
    2021,
    2022,
    2023,
    2024
  ],
  "cosineSimilarity": [
    [
      1.0,
      0.91,
      0.91,
      0.89,
      0.85,
      0.78,
      0.76,
      0.75,
      0.73,
      0.72
    ],
    [
      0.91,
      1.0,
      0.99,
      0.96,
      0.92,
      0.83,
      0.8,
      0.78,
      0.76,
      0.75
    ],
    [
      0.91,
      0.99,
      1.0,
      0.97,
      0.93,
      0.85,
      0.81,
      0.8,
      0.77,
      0.76
    ],
    [
      0.89,
      0.96,
      0.97,
      1.0,
      0.95,
      0.86,
      0.83,
      0.81,
      0.79,
      0.78
    ],
    [
      0.85,
      0.92,
      0.93,
      0.95,
      1.0,
      0.9,
      0.86,
      0.83,
      0.81,
      0.8
    ],
    [
      0.78,
      0.83,
      0.85,
      0.86,
      0.9,
      1.0,
      0.95,
      0.9,
      0.83,
      0.82
    ],
    [
      0.76,
      0.8,
      0.81,
      0.83,
      0.86,
      0.95,
      1.0,
      0.94,
      0.87,
      0.86
    ],
    [
      0.75,
      0.78,
      0.8,
      0.81,
      0.83,
      0.9,
      0.94,
      1.0,
      0.91,
      0.9
    ],
    [
      0.73,
      0.76,
      0.77,
      0.79,
      0.81,
      0.83,
      0.87,
      0.91,
      1.0,
      0.98
    ],
    [
      0.72,
      0.75,
      0.76,
      0.78,
      0.8,
      0.82,
      0.86,
      0.9,
      0.98,
      1.0
    ]
  ]
}