{
  "section": "10k_item1a",
  "years": [
    2015,
    2016,
    2017,
    2018,
    2019,
    2020,
    2021,
    2022,
    2023,
    2024
  ],
  "cosineSimilarity": [
    [
      1.0,
      0.1,
      0.74,
      0.74,
      0.74,
      0.65,
      0.76,
      0.77,
      0.77,
      0.76
    ],
    [
      0.1,
      1.0,
      0.12,
      0.12,
      0.12,
      0.13,
      0.12,
      0.11,
      0.12,
      0.13
    ],
    [
      0.74,
      0.12,
      1.0,
      0.99,
      0.98,
      0.94,
      0.92,
      0.93,
      0.93,
      0.93
    ],
    [
      0.74,
      0.12,
      0.99,
      1.0,
      0.99,
      0.94,
      0.92,
      0.93,
      0.93,
      0.93
    ],
    [
      0.74,
      0.12,
      0.98,
      0.99,
      1.0,
      0.95,
      0.93,
      0.93,
      0.94,
      0.94
    ],
    [
      0.65,
      0.13,
      0.94,
      0.94,
      0.95,
      1.0,
      0.93,
      0.92,
      0.91,
      0.92
    ],
    [
      0.76,
      0.12,
      0.92,
      0.92,
      0.93,
      0.93,
      1.0,
      0.98,
      0.98,
      0.97
    ],
    [
      0.77,
      0.11,
      0.93,
      0.93,
      0.93,
      0.92,
      0.98,
      1.0,
      0.99,
      0.98
    ],
    [
      0.77,
      0.12,
      0.93,
      0.93,
      0.94,
      0.91,
      0.98,
      0.99,
      1.0,
      0.99
    ],
    [
      0.76,
      0.13,
      0.93,
      0.93,
      0.94,
      0.92,
      0.97,
      0.98,
      0.99,
      1.0
    ]
  ]
}