{
  "section": "10k_item1a",
  "years": [
    2016,
    2017,
    2018,
    2020,
    2021,
    2022
  ],
  "cosineSimilarity": [
    [
      1.0,
      1.0,
      0.97,
      0.94,
      0.92,
      0.91
    ],
    [
      1.0,
      1.0,
      0.97,
      0.94,
      0.93,
      0.92
    ],
    [
      0.97,
      0.97,
      1.0,
      0.97,
      0.96,
      0.95
    ],
    [
      0.94,
      0.94,
      0.97,
      1.0,
      0.98,
      0.97
    ],
    [
      0.92,
      0.93,
      0.96,
      0.98,
      1.0,
      0.99
    ],
    [
      0.91,
      0.92,
      0.95,
      0.97,
      0.99,
      1.0
    ]
  ]
}